#MJD	     Flux [W/m2/A]  Flux err	  bol mag   mag err
57215.500000 0.000000e-000 0.000000e-000 -14.850264 0.258927
57216.250000 0.000000e-000 0.000000e-000 -14.800791 0.258688
57219.250000 0.000000e-000 0.000000e-000 -14.779459 0.238914
57220.500000 0.000000e-000 0.000000e-000 -14.774541 0.238671
57222.500000 0.000000e-000 0.000000e-000 -14.615188 0.238110
57268.250000 0.000000e-000 0.000000e-000 -14.543692 0.219309
57223.000000 5.459390e-012 1.118605e-012 -14.586056 0.222463
57224.000000 5.706123e-012 1.133534e-012 -14.634048 0.215684
57226.000000 5.682857e-012 1.154534e-012 -14.629612 0.220579
57231.750000 5.446423e-012 8.234567e-013 -14.583474 0.164155
57235.000000 4.767177e-012 7.154441e-013 -14.438849 0.162944
57236.000000 4.893621e-012 7.721734e-013 -14.467271 0.171320
57239.000000 4.581558e-012 6.388970e-013 -14.395728 0.151406
57242.000000 4.492344e-012 5.238485e-013 -14.374378 0.126607
57243.000000 4.719045e-012 6.055858e-013 -14.427831 0.139330
57244.000000 4.676483e-012 5.896286e-013 -14.417994 0.136894
57244.750000 4.620031e-012 5.433480e-013 -14.404808 0.127690
57245.750000 4.711733e-012 5.913555e-013 -14.426147 0.136268
57246.750000 4.543995e-012 5.410700e-013 -14.386790 0.129283
57248.750000 4.739229e-012 5.844302e-013 -14.432465 0.133890
57252.750000 4.901893e-012 4.940359e-013 -14.469105 0.109426
57259.750000 5.066469e-012 5.125334e-013 -14.504959 0.109835
57263.750000 5.167912e-012 5.040771e-013 -14.526483 0.105902
57265.750000 5.147134e-012 4.920536e-013 -14.522109 0.103794
57267.000000 5.008337e-012 4.622471e-013 -14.492429 0.100209
57267.250000 5.178875e-012 4.555155e-013 -14.528784 0.095498
57268.250000 5.225449e-012 4.310318e-013 -14.538504 0.089559
57275.250000 5.098037e-012 3.770716e-013 -14.511703 0.080305
57318.250000 4.793841e-012 3.960823e-013 -14.444904 0.089707
57464.500000 5.995725e-014 2.905858e-014 -9.687800 0.526208
