#JD U mag err   B mag  err   V mag  err   R mag  err   I mag  err
4 12.671 0.042 13.504 0.021 13.574 0.017 13.463 0.018 13.433 0.025
5 12.582 0.042 13.492 0.021 13.478 0.017 13.372 0.018 13.325 0.025
6 12.517 0.042 13.457 0.021 13.420 0.012 13.300 0.018 13.258 0.018
7 12.599 0.042 13.415 0.021 13.380 0.017 13.262 0.018 13.239 0.025
9 12.652 0.042 13.394 0.021 13.340 0.017 13.175 0.018 13.132 0.025
10 12.676 0.043 13.411 0.021 13.328 0.017 13.192 0.014 13.130 0.025
17 13.010 0.042 13.567 0.021 13.318 0.017 13.089 0.018 12.990 0.025
23 13.627 0.043 13.756 0.021 13.325 0.017 13.073 0.018 12.923 0.025
25 13.909 0.042 13.875 0.021 13.351 0.017 13.086 0.018 12.950 0.025
28 14.199 0.042 14.000 0.021 13.366 0.017 13.111 0.018 12.940 0.025
35 14.788 0.043 14.228 0.021 13.439 0.017 13.140 0.018 12.918 0.025
37 14.905 0.043 14.284 0.021 13.468 0.017 13.151 0.018 12.895 0.018
38 00.000 0.000 00.000 0.000 13.493 0.017 13.135 0.018 12.899 0.052
41 15.189 0.044 14.392 0.021 13.463 0.017 13.124 0.018 12.851 0.025
45 15.377 0.050 14.466 0.021 13.487 0.017 13.126 0.018 12.836 0.025
47 15.455 0.057 14.491 0.025 13.725 0.024 13.115 0.023 12.887 0.035
50 15.552 0.089 00.000 0.000 13.439 0.018 13.115 0.018 12.776 0.055
52 15.725 0.041 14.574 0.021 13.471 0.017 13.116 0.018 12.790 0.052
54 00.000 0.000 00.000 0.000 13.526 0.018 13.113 0.019 12.812 0.026
55 15.802 0.067 14.688 0.024 13.494 0.017 13.088 0.018 12.775 0.025
57 00.000 0.000 14.518 0.022 13.534 0.017 13.085 0.018 00.000 0.000
59 16.049 0.059 14.697 0.021 13.539 0.017 13.097 0.018 12.804 0.025
60 16.133 0.068 14.711 0.022 13.566 0.017 13.139 0.018 12.797 0.025
63 16.239 0.049 14.771 0.021 13.556 0.017 13.102 0.018 12.774 0.025
70 16.424 0.089 14.817 0.021 13.571 0.017 13.106 0.018 12.787 0.025
73 16.577 0.144 14.882 0.022 13.596 0.018 13.118 0.018 12.778 0.025
73 00.000 0.000 14.611 0.023 13.596 0.012 13.110 0.018 00.000 0.000
74 00.000 0.000 14.609 0.025 13.637 0.018 13.115 0.018 00.000 0.000
76 00.000 0.000 14.872 0.031 13.627 0.018 13.126 0.018 12.786 0.025
83 16.840 0.061 14.990 0.021 13.687 0.017 13.127 0.018 12.804 0.018
86 17.010 0.062 15.042 0.022 13.664 0.017 13.174 0.018 12.828 0.025
88 16.886 0.052 15.057 0.021 13.670 0.017 13.159 0.018 12.815 0.025
93 00.000 0.000 14.694 0.029 13.727 0.018 13.206 0.013 00.000 0.000
101.0 00.00 0.00 00.00 0.00 13.82 0.04 13.18 0.05 12.88 0.04 
102 00.000 0.000 15.231 0.029 13.873 0.022 13.361 0.023 12.995 0.031
104 16.979 0.219 15.158 0.018 13.824 0.017 13.296 0.018 12.947 0.025
109.0 00.00 0.00 15.31 0.12 13.90 0.11 13.29 0.05 12.95 0.03 
113.0 00.00 0.00 15.45 0.04 14.01 0.03 13.37 0.05 13.08 0.06 
113.9 17.62 0.05 15.47 0.03 14.03 0.03 13.40 0.02 13.11 0.02 
115.0 00.00 0.00 15.49 0.11 14.02 0.10 13.40 0.02 13.12 0.02 
116.0 00.00 0.00 15.52 0.05 14.05 0.05 13.37 0.03 13.08 0.02 
123.0 00.00 0.00 15.87 0.07 14.32 0.03 13.63 0.03 13.28 0.03 
126.0 00.00 0.00 15.92 0.12 14.46 0.11 00.00 0.00 00.00 0.00  
127.0 00.00 0.00 00.00 0.00 00.00 0.00 13.88 0.04 13.57 0.05 
130.0 00.00 0.00 00.00 0.00 14.67 0.01 13.88 0.02 00.00 0.00  
215 00.000 0.000 17.526 0.083 16.577 0.025 15.794 0.020 00.000 0.000
216 00.000 0.000 17.657 0.053 16.617 0.024 15.823 0.014 00.000 0.000
222 00.000 0.000 18.069 0.361 16.918 0.366 00.000 0.000 15.413 0.059
223 00.000 0.000 18.033 0.026 16.711 0.019 15.832 0.019 15.368 0.026
225 00.000 0.000 18.106 0.023 16.730 0.019 15.860 0.019 15.389 0.026
228 00.000 0.000 00.000 0.000 16.667 0.015 00.000 0.000 00.000 0.000
229 19.551 0.361 18.088 0.038 16.765 0.020 15.899 0.014 15.447 0.025
232 00.000 0.000 18.163 0.030 16.803 0.020 15.949 0.011 15.454 0.026
234 00.000 0.000 18.126 0.030 16.841 0.016 15.975 0.020 15.456 0.026
237 00.000 0.000 18.278 0.078 16.721 0.046 15.955 0.031 15.454 0.040
240 00.000 0.000 17.850 0.051 16.911 0.022 15.992 0.019 00.000 0.000
241 00.000 0.000 17.875 0.051 16.963 0.021 15.996 0.019 00.000 0.000
246 20.291 0.239 18.264 0.019 16.908 0.014 16.039 0.019 15.586 0.019
248 19.934 0.153 18.289 0.020 16.927 0.018 16.054 0.019 15.610 0.026
255 19.821 0.111 18.323 0.018 17.011 0.014 16.132 0.019 15.709 0.026
264 00.000 0.000 18.325 0.060 17.051 0.040 16.012 0.036 15.726 0.050
264 00.000 0.000 00.000 0.000 17.130 0.071 00.000 0.000 00.000 0.000
268 00.000 0.000 18.415 0.070 17.109 0.022 16.225 0.020 15.811 0.026
269 20.166 0.165 18.429 0.022 17.113 0.019 16.242 0.019 15.837 0.026
