#JD J mag err  H mag err  K mag  err
7.6 13.00 0.06 12.95 0.06 12.66 0.06 
8.6 13.04 0.04 12.87 0.04 12.71 0.07 
9.6 12.90 0.04 12.78 0.04 12.52 0.04 
14.2 12.82 0.10 12.63 0.07 12.45 0.06 
16.6 12.80 0.04 12.62 0.04 12.56 0.04 
19.6 12.74 0.03 12.57 0.03 12.42 0.04 
22.6 00.00 0.00 12.55 0.08 12.35 0.04 
28.9 12.56 0.07 12.39 0.08 00.00 0.00 
32.5 12.54 0.05 12.34 0.05 12.26 0.04 
37.9 00.00 0.00 00.00 0.00 11.96 0.17 
39.6 12.49 0.09 12.34 0.09 12.14 0.09 
47.5 12.41 0.04 12.21 0.04 12.08 0.06 
49.9 12.34 0.04 12.03 0.06 00.00 0.00 
60.9 12.49 0.04 12.74 0.07 00.00 0.00 
82.9 12.31 0.02 12.18 0.06 00.00 0.00 
85.9 12.34 0.04 12.12 0.04 11.97 0.11 
93.9 12.42 0.03 12.23 0.06 12.04 0.01 
