# JD w2 m2 w1 u b v and their errors
6.2 12.20 0.22 12.09 0.32 12.16 0.12 12.32 0.08 13.56 0.08 13.71 0.07
8 12.83 0.29 00.00 0.00 00.00 0.00 00.00 0.00 00.00 0.00 00.00 0.00 
9.8 00.00 0.00 00.00 0.00 12.64 0.09 00.00 0.00 00.00 0.00 00.00 0.00 
9.9 13.34 0.22 00.00 0.00 00.00 0.00 00.00 0.00 00.00 0.00 00.00 0.00 
12.2 13.77 0.22 00.00 0.00 00.00 0.00 00.00 0.00 00.00 0.00 00.00 0.00 
12.5 00.00 0.00 00.00 0.00 00.00 0.00 12.47 0.14 00.00 0.00 00.00 0.00 
12.8 00.00 0.00 00.00 0.00 12.90 0.12 00.00 0.00 00.00 0.00 00.00 0.00 
14 14.16 0.25 14.01 0.21 13.17 0.21 12.52 0.12 13.53 0.11 13.50 0.10 
15.2 00.00 0.00 14.41 0.20 00.00 0.00 00.00 0.00 00.00 0.00 00.00 0.00 
15.5 14.52 0.11 00.00 0.00 00.00 0.00 00.00 0.00 00.00 0.00 00.00 0.00 
15.9 14.63 0.21 14.64 0.09 13.56 0.19 12.60 0.12 13.55 0.11 13.53 0.10 
17 14.91 0.17 00.00 0.00 00.00 0.00 12.71 0.27 00.00 0.00 00.00 0.00 
18 15.18 0.16 15.30 0.12 14.04 0.14 12.80 0.12 13.58 0.10 13.50 0.09 
18.6 15.39 0.10 15.68 0.08 00.00 0.00 00.00 0.00 00.00 0.00 00.00 0.00 
19.9 15.87 0.14 16.10 0.10 14.55 0.14 13.04 0.14 13.65 0.11 13.46 0.11 
24 17.00 0.11 17.64 0.09 15.53 0.11 13.76 0.14 13.79 0.13 13.45 0.11 
25.9 17.29 0.11 18.17 0.10 15.93 0.11 14.08 0.14 13.86 0.14 13.45 0.13 
28.1 17.50 0.11 18.36 0.10 16.10 0.09 14.39 0.12 13.96 0.12 13.46 0.11 
29 17.56 0.10 00.00 0.00 00.00 0.00 14.56 0.31 00.00 0.00 00.00 0.00 
29.6 17.61 0.10 00.00 0.00 00.00 0.00 00.00 0.00 00.00 0.00 00.00 0.00 
29.7 17.72 0.12 00.00 0.00 00.00 0.00 00.00 0.00 00.00 0.00 00.00 0.00 
30.7 17.72 0.10 18.94 0.13 16.53 0.08 14.77 0.10 14.09 0.11 13.51 0.10 
31.9 17.78 0.10 00.00 0.00 16.53 0.09 00.00 0.00 00.00 0.00 00.00 0.00 
32.7 17.86 0.13 00.00 0.00 00.00 0.00 14.82 0.09 00.00 0.00 00.00 0.00 
33.8 17.98 0.11 19.33 0.16 16.65 0.08 14.97 0.09 14.19 0.10 13.54 0.09 
35.8 18.11 0.11 19.44 0.15 16.87 0.09 15.20 0.11 14.27 0.13 13.60 0.12 
39.6 00.00 0.00 19.52 0.16 00.00 0.00 00.00 0.00 00.00 0.00 13.61 0.10 
39.7 18.29 0.11 00.00 0.00 16.95 0.09 15.45 0.10 14.36 0.13 00.00 0.00 
43.7 18.48 0.12 19.62 0.19 17.09 0.09 15.72 0.08 14.46 0.10 13.62 0.09 
45.7 18.42 0.11 19.66 0.17 17.19 0.09 15.76 0.09 14.52 0.12 13.64 0.11 
46.7 18.50 0.11 19.91 0.20 17.28 0.09 15.90 0.09 14.54 0.13 13.64 0.11 
50.9 18.63 0.12 20.19 0.23 17.37 0.09 16.14 0.09 14.64 0.13 13.66 0.12 
52 18.60 0.12 19.83 0.22 17.38 0.09 16.12 0.08 14.69 0.10 13.70 0.09 
54.2 18.47 0.11 20.08 0.22 17.51 0.09 16.20 0.09 14.67 0.12 13.64 0.11 
57.8 18.65 0.12 20.40 0.28 17.61 0.09 16.40 0.08 14.80 0.11 13.68 0.11 
61.8 18.82 0.12 20.53 0.32 17.68 0.09 16.63 0.08 14.84 0.11 13.73 0.10 
66.3 00.00 0.00 00.00 0.00 17.88 0.16 00.00 0.00 00.00 0.00 00.00 0.00 
74.1 19.30 0.16 20.26 0.29 17.82 0.10 17.02 0.09 15.03 0.09 13.79 0.09 
78.2 18.92 0.13 20.33 0.29 17.92 0.10 17.07 0.09 15.11 0.10 13.83 0.09 
113.4 19.67 0.20 20.70 0.30 18.42 0.13 18.11 0.15 15.66 0.08 14.22 0.08 
